10.3451373585
4.43567228556
3.4608243611
3.49629039722
3.05569931002
2.83036042345
2.82288618543
2.91108640779
2.49288212579
2.59656542438
2.39509832951
2.47694756118
2.32505587326
2.31475068172
2.42953318162
2.26136319158
2.1469009241
2.17875147098
2.23577829582
2.19702743081
2.04425900167
2.15684590958
1.93057646538
2.08416392709
1.90440636359
2.08261633867
1.85076663979
1.9170389318
1.86205773456
1.7643189208
1.77272841661
1.90028427488
1.80346166652
1.63631926204
1.70314493209
1.69807891701
1.59516117734
1.60764834478
1.80937715917
1.62045727335
1.76802938069
1.45224045224
1.47526019979
1.31799940762
1.39017332166
1.30257554414
1.47435382717
1.36510148524
1.46637269204
1.23641025781
1.36080256623
1.39612412389
1.35019078272
1.43139502382
1.46850996867
1.27439734817
1.32190864441
1.39546679073
1.39414773277
1.24526576087
1.11014101934
1.28617699363
1.38225872933
1.25035399152
1.13573714846
1.17395954146
1.32483027703
1.25921867402
1.27103391441
1.21962694558
1.09075166678
1.17778454028
1.25267000991
0.949865052935
1.06109011247
1.05783637854
1.14430210101
1.16687378975
1.00294314313
0.981682186114
0.937723830062
1.09299302378
1.05134827679
0.948899467222
0.930440668024
1.04857719008
0.969756236573
0.966997205721
1.15535021082
0.886349947442
0.870786274182
1.0196656903
1.00183952772
0.83679147154
0.895561511018
0.780430526192
1.0187314263
0.883119791245
0.678336564664
0.950274888592
1.04163948634
1.01314341602
0.840769907608
0.866643695346
0.870533509368
0.638966265201
0.785493801164
0.781069351518
0.689625886451
0.816700579397
0.883552558274
0.798784165497
0.712669197354
0.616674313696
0.930145764989
0.853399775891
0.86410454551
0.731697731217
0.626403408116
0.775760515366
0.774088606016
0.928297686494
0.667555903258
0.596309106622
0.79904259591
0.764525540653
0.578557529714
0.551315444167
0.718158858842
0.739473084185
0.879009347376
0.762425114238
0.631841862405
0.538365108098
0.733067666815
0.537338545032
0.553729456687
0.648274807033
0.616698048505
0.693156954034
0.689419123301
0.612990578524
0.491925387364
0.620040887388
0.508574812492
0.647133274567
0.663029197957
0.811430037048
0.690660475769
0.425209372095
0.53606366534
0.573684682226
0.544228849945
0.607010308806
0.674369889755
0.47638176304
0.480020566177
0.843563397776
0.433014429753
0.67503199884
0.60606575754
0.776783982198
0.414403027244
0.549058968873
0.605312400372
0.611486352907
0.697792611673
0.528100955848
0.396278533312
0.449884928235
0.492366590427
0.681564022912
0.537275261116
0.552948682069
0.568922795757
0.517630762224
0.488434945184
0.377617659718
0.504228006937
0.485504913907
0.475047002334
0.569888335447
0.391713130472
0.326938351969
0.537996423614
0.5307355364
0.59796855434
0.41591054695
0.729301931914
0.467784069635
0.482015474144
0.48744351865
0.394985953735
0.597355475647
0.505080780597
0.426479675893
0.281575487639
0.531003974496
0.359203070615
0.440954855948
