10.5079250433
4.95920738468
4.28115317479
3.86297047223
3.4787405327
3.26906473025
3.09706032811
3.16940834864
3.03577968019
2.92002108953
2.75723360914
2.93462944788
2.78958488492
2.78903242934
2.67529819654
2.66501271511
2.51848130439
2.55874582152
2.34616842153
2.47131625343
2.56295015264
2.42670252902
2.41081689005
2.39038024365
2.43391013513
2.28652676842
2.2164897956
2.28442973055
2.21361610203
2.21944630964
2.38633122885
2.15801938373
2.14273092873
2.04588494175
2.12217219251
1.99791289609
2.0440014471
1.86286757904
1.91030026073
1.9653809206
2.02626297247
1.8742569178
1.8681888109
1.84239822203
1.7948151478
1.90078821749
1.72319847353
1.81098187027
1.76099480196
1.71319860334
1.74226784834
1.76436573375
1.73766656341
1.63053398096
1.75480436276
1.58538177866
1.66347084586
1.68117340497
1.57962885051
1.8241683869
1.60950576711
1.61471528902
1.48046006249
1.28481354585
1.46468008591
1.66671071671
1.47346446488
1.57254872736
1.47586307146
1.39690871297
1.49125288783
1.42931005411
1.36295928037
1.38380832089
1.35136421647
1.51683683934
1.57980492297
1.34049113351
1.25831169945
1.33371960014
1.30450073332
1.36429444804
1.43838707961
1.42692656636
1.34913939022
1.38922649127
1.37739998682
1.37902107477
1.21258433317
1.33848429588
1.18114987319
1.18755631726
1.20529228425
1.24023430724
1.08973553998
1.22408333284
1.25286351314
1.29686283319
1.33930081747
1.32484987671
1.04618861655
1.22971112558
1.20683149727
1.18794973794
1.29606418171
1.10906547419
1.14808260511
1.27585603353
1.15374024851
0.929810518275
1.13888149589
0.921634803166
1.19874297865
1.16298403083
1.18964455912
1.06052930658
1.03498841971
1.27214176592
1.05998242502
1.03513813707
1.0743748291
1.0035708692
1.10979099389
1.18668827628
1.28260131598
1.32458741982
1.2205462495
1.07095369479
1.05853005621
1.16838357141
1.01665306996
1.02985415736
0.994739308058
1.09648561569
1.06250320628
1.24107925877
0.917050819098
0.906916853781
1.15182577076
1.18894731156
0.961819067293
0.946753821292
1.04838646539
1.08471460531
1.27876103291
0.996860403704
1.05408320336
1.20616216023
0.955957853348
0.917880018708
1.04920557935
0.934446835044
1.12607276597
0.879213329046
0.927716520809
0.968936653914
1.03641908483
0.941395484524
0.894488744523
1.00937723921
0.907859674378
0.951789968819
0.96395772773
0.860220224066
0.811242854122
0.760760333455
0.830775159507
0.892754396064
1.00796959984
0.670126394753
0.934478425502
0.72034802701
0.846170025348
0.85976244066
0.772005944871
0.82341025195
0.80972425181
0.682666544896
0.66970167476
0.744776900928
0.69544660482
0.742887104082
0.663028098943
0.786970290623
0.646471175877
0.706530738757
0.685728033809
0.703916339551
0.663151772272
0.583806343836
0.861215217878
0.727127465405
0.751619859542
0.626055703541
0.56153239527
0.620306937041
0.71987503603
0.674957991765
0.559021491218
0.740392573759
